Year	Month	Day	Days	Maximum_Temperature	Minimum_Temperature	Average_Temperature
2017	1	1	Sunday	48	40	44
2017	1	2	Monday	41	37	39
2017	1	3	Tuesday	43	39	41
2017	1	4	Wednesday	52	34	43
2017	1	5	Thursday	34	27	31
2017	1	6	Friday	33	25	29
2017	1	7	Saturday	26	20	23
2017	1	8	Sunday	25	16	21
2017	1	9	Monday	23	14	19
2017	1	10	Tuesday	46	21	34
2017	1	11	Wednesday	52	42	47
2017	1	12	Thursday	66	47	57
2017	1	13	Friday	62	32	47
2017	1	14	Saturday	34	28	31
2017	1	15	Sunday	38	30	34
2017	1	16	Monday	43	30	37
2017	1	17	Tuesday	42	38	40
2017	1	18	Wednesday	41	38	40
2017	1	19	Thursday	49	39	44
2017	1	20	Friday	45	40	43
2017	1	21	Saturday	49	41	45
2017	1	22	Sunday	48	43	46
2017	1	23	Monday	44	36	40
2017	1	24	Tuesday	38	35	37
2017	1	25	Wednesday	51	36	44
2017	1	26	Thursday	56	43	50
2017	1	27	Friday	43	36	40
2017	1	28	Saturday	39	34	37
2017	1	29	Sunday	43	35	39
2017	1	30	Monday	37	30	34
2017	1	31	Tuesday	34	26	30
2017	2	1	Wednesday	47	33	40
2017	2	2	Thursday	45	32	39
2017	2	3	Friday	33	26	30
2017	2	4	Saturday	34	22	28
2017	2	5	Sunday	43	31	37
2017	2	6	Monday	49	36	43
2017	2	7	Tuesday	42	36	39
2017	2	8	Wednesday	62	38	50
2017	2	9	Thursday	44	19	32
2017	2	10	Friday	32	19	26
2017	2	11	Saturday	48	30	39
2017	2	12	Sunday	40	30	35
2017	2	13	Monday	39	31	35
2017	2	14	Tuesday	41	28	35
2017	2	15	Wednesday	47	35	41
2017	2	16	Thursday	35	28	32
2017	2	17	Friday	41	26	34
2017	2	18	Saturday	63	35	49
2017	2	19	Sunday	65	53	59
2017	2	20	Monday	55	39	47
2017	2	21	Tuesday	47	34	41
2017	2	22	Wednesday	57	42	50
2017	2	23	Thursday	65	44	55
2017	2	24	Friday	70	58	64
2017	2	25	Saturday	63	44	54
2017	2	26	Sunday	44	36	40
2017	2	27	Monday	54	35	45
2017	2	28	Tuesday	59	47	53
